shape_id,shape_pt_lat,shape_pt_lon,shape_pt_sequence
6256367190933504,34.836604,138.20471,1
6256367190933504,34.836628,138.204852,2
6256367190933504,34.836628,138.20491,3
6256367190933504,34.836602,138.20495,4
6256367190933504,34.836458,138.205023,5
6256367190933504,34.836436,138.205064,6
6256367190933504,34.836428,138.205113,7
6256367190933504,34.8364938,138.2053615,8
6256367190933504,34.8365092,138.2054367,9
6256367190933504,34.8364986,138.2054887,10
6256367190933504,34.8364756,138.2055237,11
6256367190933504,34.8361766,138.2058052,12
6256367190933504,34.8354926,138.2062017,13
6256367190933504,34.8350294,138.2064815,14
6256367190933504,34.8349696,138.2064987,15
6256367190933504,34.8349142,138.2064847,16
6256367190933504,34.8348586,138.2064152,17
6256367190933504,34.834729,138.2062034,18
6256367190933504,34.8346308,138.2060245,19
6256367190933504,34.8342736,138.2052337,20
6256367190933504,34.8339566,138.2044877,21
6256367190933504,34.8338733,138.204273,22
6256367190933504,34.8337616,138.2039365,23
6256367190933504,34.8337173,138.2037674,24
6256367190933504,34.8335976,138.2032777,25
6256367190933504,34.8334226,138.2025677,26
6256367190933504,34.8333945,138.2025287,27
6256367190933504,34.8333556,138.2025367,28
6256367190933504,34.8333076,138.2025927,29
6256367190933504,34.8328976,138.2030617,30
6256367190933504,34.8326486,138.2033707,31
6256367190933504,34.8325266,138.2034997,32
6256367190933504,34.8324036,138.2036157,33
6256367190933504,34.8321886,138.2037917,34
6256367190933504,34.8314896,138.2043507,35
6256367190933504,34.8313946,138.2044237,36
6256367190933504,34.8312252,138.2045557,37
6256367190933504,34.8310011,138.204787,38
6256367190933504,34.8308854,138.2049555,39
6256367190933504,34.8305356,138.2055307,40
6256367190933504,34.8304764,138.2056883,41
6256367190933504,34.8304016,138.2059347,42
6256367190933504,34.8303746,138.2061627,43
6256367190933504,34.8303096,138.2066337,44
6256367190933504,34.8302686,138.2068557,45
6256367190933504,34.8302416,138.2069537,46
6256367190933504,34.8301916,138.2070717,47
6256367190933504,34.8301316,138.2071687,48
6256367190933504,34.8300566,138.2072657,49
6256367190933504,34.8298926,138.2074087,50
6256367190933504,34.8297176,138.2074935,51
6256367190933504,34.8293236,138.2076107,52
6256367190933504,34.8286739,138.2078083,53
6256367190933504,34.8284426,138.2078897,54
6256367190933504,34.8278446,138.2080677,55
6256367190933504,34.8275596,138.2081523,56
6256367190933504,34.8220866,138.2097547,57
6256367190933504,34.8219136,138.2098037,58
6256367190933504,34.8216206,138.2098867,59
6256367190933504,34.8214366,138.2099557,60
6256367190933504,34.8213006,138.2100387,61
6256367190933504,34.8210686,138.2102457,62
6256367190933504,34.8209656,138.2104297,63
6256367190933504,34.8208946,138.2105417,64
6256367190933504,34.8208069,138.2106754,65
6256367190933504,34.8205242,138.2111134,66
6256367190933504,34.8203866,138.2113147,67
6256367190933504,34.8202025,138.2115408,68
6256367190933504,34.8200439,138.2116893,69
6256367190933504,34.8199546,138.2117643,70
6256367190933504,34.8194576,138.2121187,71
6256367190933504,34.8193346,138.2122217,72
6256367190933504,34.8188996,138.212509,73
6256367190933504,34.8184448,138.212843,74
6256367190933504,34.8180982,138.2130875,75
6256367190933504,34.8177426,138.2133457,76
6256367190933504,34.8175186,138.2135247,77
6256367190933504,34.8173266,138.2136567,78
6256367190933504,34.8170926,138.2138237,79
6256367190933504,34.8168706,138.2139817,80
6256367190933504,34.8164796,138.2142407,81
6256367190933504,34.8164106,138.2143177,82
6256367190933504,34.8163156,138.2143647,83
6256367190933504,34.8162426,138.2143647,84
6256367190933504,34.8154936,138.2147647,85
6256367190933504,34.8149876,138.2150347,86
6256367190933504,34.8143916,138.2153587,87
6256367190933504,34.8137886,138.2156847,88
6256367190933504,34.8133156,138.2159387,89
6256367190933504,34.8128296,138.2162027,90
6256367190933504,34.8122486,138.2165097,91
6256367190933504,34.8121646,138.2165567,92
6256367190933504,34.8117071,138.2167957,93
6256367190933504,34.811193,138.2170644,94
6256367190933504,34.8109442,138.2172839,95
6256367190933504,34.8106122,138.2176101,96
6256367190933504,34.8102635,138.2179624,97
6256367190933504,34.8101237,138.2181054,98
6256367190933504,34.8098379,138.2184092,99
6256367190933504,34.8096146,138.2186287,100
6256367190933504,34.8094636,138.2187715,101
6256367190933504,34.8091486,138.2190117,102
6256367190933504,34.8088511,138.2192232,103
6256367190933504,34.8086676,138.2193257,104
6256367190933504,34.807945,138.2197059,105
6256367190933504,34.8077106,138.2198567,106
6256367190933504,34.8074996,138.2200507,107
6256367190933504,34.8074241,138.2201266,108
6256367190933504,34.8073476,138.2201267,109
6256367190933504,34.8072916,138.2200787,110
6256367190933504,34.8070756,138.2194707,111
6256367190933504,34.8068456,138.218823,112
6256367190933504,34.8066836,138.2183647,113
6256367190933504,34.8064781,138.2178213,114
6256367190933504,34.8063521,138.2174847,115
6256367190933504,34.8060428,138.2166798,116
6256367190933504,34.8059966,138.2165817,117
6256367190933504,34.8055576,138.2154557,118
6256367190933504,34.8054941,138.2152777,119
6256367190933504,34.8051468,138.2143577,120
6256367190933504,34.8050936,138.2142387,121
6256367190933504,34.8047122,138.2132257,122
6256367190933504,34.8046453,138.2130587,123
6256367190933504,34.8043246,138.2122467,124
6256367190933504,34.8042696,138.2121117,125
6256367190933504,34.8040286,138.2114907,126
6256367190933504,34.8039717,138.2113448,127
6256367190933504,34.8038146,138.2109357,128
6256367190933504,34.8036976,138.2106247,129
6256367190933504,34.8035356,138.2101737,130
6256367190933504,34.8033916,138.2097997,131
6256367190933504,34.8033906,138.2097437,132
6256367190933504,34.8034056,138.2096777,133
6256367190933504,34.8034366,138.2096337,134
6256367190933504,34.8039766,138.2093407,135
6256367190933504,34.8041998,138.2092372,136
6256367190933504,34.8044186,138.2090997,137
6256367190933504,34.8045819,138.2089926,138
6256367190933504,34.8046626,138.2089104,139
6256367190933504,34.8047662,138.2087658,140
6256367190933504,34.8048396,138.2086465,141
6256367190933504,34.804878,138.2085638,142
6256367190933504,34.8049007,138.2084728,143
6256367190933504,34.8049164,138.2083301,144
6256367190933504,34.8049136,138.2080097,145
6256367190933504,34.8049956,138.2071637,146
6256367190933504,34.8050066,138.2070177,147
6256367190933504,34.8050046,138.2068267,148
6256367190933504,34.8049756,138.2065427,149
6256367190933504,34.8049366,138.2063447,150
6256367190933504,34.8049059,138.2062143,151
6256367190933504,34.8048751,138.2061235,152
6256367190933504,34.8048107,138.2059952,153
6256367190933504,34.804568,138.2056027,154
6256367190933504,34.8044886,138.205508,155
6256367190933504,34.8040266,138.2048047,156
6256367190933504,34.8038966,138.2045927,157
6256367190933504,34.8036469,138.2041532,158
6256367190933504,34.8033606,138.2035477,159
6256367190933504,34.8032707,138.2033975,160
6256367190933504,34.8029056,138.2026157,161
6256367190933504,34.8028394,138.2024724,162
6256367190933504,34.8027901,138.2023164,163
6256367190933504,34.8027461,138.2021602,164
6256367190933504,34.8025405,138.201132,165
6256367190933504,34.8025036,138.2010037,166
6256367190933504,34.8023306,138.2005847,167
6256367190933504,34.8020956,138.2000277,168
6256367190933504,34.8020646,138.1999517,169
6256367190933504,34.8019606,138.1996767,170
6256367190933504,34.8019076,138.1995757,171
6256367190933504,34.8018816,138.1994137,172
6256367190933504,34.8018406,138.1984157,173
6256367190933504,34.8017926,138.1974487,174
6256367190933504,34.8017736,138.1970937,175
6256367190933504,34.8017546,138.1970287,176
6256367190933504,34.8017506,138.1968497,177
6256367190933504,34.8017811,138.1966894,178
6256367190933504,34.8020472,138.1944427,179
6256367190933504,34.8021526,138.1936107,180
6256367190933504,34.8022046,138.1931317,181
6256367190933504,34.8022429,138.1928718,182
6256367190933504,34.8022862,138.1926703,183
6256367190933504,34.8023441,138.1924508,184
6256367190933504,34.8023943,138.1922863,185
6256367190933504,34.8024826,138.1920297,186
6256367190933504,34.8025126,138.1918597,187
6256367190933504,34.8025556,138.1917117,188
6256367190933504,34.8026386,138.1915652,189
6256367190933504,34.8027972,138.1910455,190
6256367190933504,34.8029936,138.1902827,191
6256367190933504,34.8032082,138.1894304,192
6256367190933504,34.8035685,138.1878705,193
6256367190933504,34.8036677,138.187504,194
6256367190933504,34.8037546,138.1873197,195
6256367190933504,34.8038946,138.1871457,196
6256367190933504,34.8042596,138.1866687,197
6256367190933504,34.8043856,138.1864617,198
6256367190933504,34.8044936,138.1862317,199
6256367190933504,34.8046066,138.1859667,200
6256367190933504,34.8047176,138.1855987,201
6256367190933504,34.8050896,138.1843237,202
6256367190933504,34.8051216,138.1841627,203
6256367190933504,34.8051156,138.1840347,204
6256367190933504,34.8050458,138.1835369,205
6256367190933504,34.8049496,138.1829707,206
6256367190933504,34.8049256,138.1829117,207
6256367190933504,34.8048698,138.1828953,208
6256367190933504,34.8039546,138.1832407,209
6256367190933504,34.8038166,138.1832587,210
6256367190933504,34.8037646,138.1831627,211
6256367190933504,34.8037666,138.1827467,212
6256367190933504,34.803691,138.1821625,213
6256367190933504,34.8036888,138.1819992,214
6256367190933504,34.8037296,138.1817327,215
6256367190933504,34.8039416,138.1809077,216
6256367190933504,34.8040223,138.1806796,217
6256367190933504,34.8040903,138.1805574,218
6256367190933504,34.8043461,138.1801534,219
6256367190933504,34.8045676,138.1797637,220
6256367190933504,34.8046286,138.1796327,221
6256367190933504,34.8046806,138.1794847,222
6256367190933504,34.8049586,138.1784292,223
6256367190933504,34.8050437,138.1780563,224
6256367190933504,34.8051486,138.1774447,225
6256367190933504,34.8052426,138.1767617,226
6256367190933504,34.8053006,138.1762627,227
6256367190933504,34.8054296,138.1753267,228
6256367190933504,34.8055182,138.1752857,229
6256367190933504,34.8063416,138.1750827,230
6256367190933504,34.806676,138.1750078,231
6256367190933504,34.8067314,138.1750406,232
6256367190933504,34.8067606,138.1751017,233
6256367190933504,34.8067616,138.1751627,234
6256367190933504,34.8062402,138.1765216,235
6256367190933504,34.8062076,138.1766664,236
6256367190933504,34.8062036,138.1767612,237
6256367190933504,34.8063026,138.1771307,238
6256367190933504,34.806377,138.177286,239
6313034989436928,34.806377,138.177286,1
6313034989436928,34.806402,138.177436,2
6313034989436928,34.806564,138.17809,3
6313034989436928,34.806572,138.178167,4
6313034989436928,34.806571,138.178244,5
6313034989436928,34.806547,138.178434,6
6313034989436928,34.806472,138.178958,7
6313034989436928,34.806351,138.179497,8
6313034989436928,34.806039,138.180162,9
6313034989436928,34.8059,138.180464,10
6313034989436928,34.805042,138.182259,11
6313034989436928,34.805011,138.182352,12
6313034989436928,34.804956,138.182636,13
6313034989436928,34.804966,138.182911,14
6313034989436928,34.805073,138.183507,15
6313034989436928,34.80514,138.184016,16
6313034989436928,34.805144,138.184132,17
6313034989436928,34.805121,138.184319,18
6313034989436928,34.80477,138.185491,19
6313034989436928,34.804723,138.185687,20
6313034989436928,34.804547,138.186218,21
6313034989436928,34.80441,138.186465,22
6313034989436928,34.804222,138.186764,23
6313034989436928,34.804021,138.187023,24
6313034989436928,34.803818,138.187273,25
6313034989436928,34.80373,138.18743,26
6313034989436928,34.80365,138.187639,27
6313034989436928,34.803177,138.189637,28
6313034989436928,34.802889,138.190776,29
6313034989436928,34.802778,138.191214,30
6313034989436928,34.802648,138.191655,31
6313034989436928,34.802639,138.191755,32
6313034989436928,34.802571,138.191922,33
6313034989436928,34.802518,138.191983,34
6313034989436928,34.802453,138.192143,35
6313034989436928,34.802297,138.192708,36
6313034989436928,34.802258,138.192884,37
6313034989436928,34.802171,138.193589,38
6313034989436928,34.802043,138.194599,39
6313034989436928,34.801968,138.19523,40
6313034989436928,34.801912,138.19569,41
6313034989436928,34.801926,138.195796,42
6313034989436928,34.801902,138.195964,43
6313034989436928,34.801872,138.196045,44
6313034989436928,34.801793,138.196741,45
6313034989436928,34.801858,138.198089,46
6313034989436928,34.801896,138.199293,47
6313034989436928,34.80191,138.199413,48
6313034989436928,34.801955,138.199592,49
6313034989436928,34.802038,138.199804,50
6313034989436928,34.802112,138.19992,51
6313034989436928,34.802133,138.199968,52
6313034989436928,34.8022,138.200218,53
6313034989436928,34.802495,138.200923,54
6313034989436928,34.802545,138.201056,55
6313034989436928,34.802705,138.201882,56
6313034989436928,34.802759,138.202155,57
6313034989436928,34.802824,138.202377,58
6313034989436928,34.802938,138.202629,59
6313034989436928,34.803109,138.203012,60
6313034989436928,34.803301,138.203407,61
6313034989436928,34.803375,138.203544,62
6313034989436928,34.8035,138.203759,63
6313034989436928,34.803587,138.203978,64
6313034989436928,34.803701,138.204199,65
6313034989436928,34.804515,138.205499,66
6313034989436928,34.804626,138.205664,67
6313034989436928,34.804694,138.205728,68
6313034989436928,34.804761,138.205877,69
6313034989436928,34.804817,138.205969,70
6313034989436928,34.804938,138.20621,71
6313034989436928,34.805001,138.206578,72
6313034989436928,34.805022,138.206812,73
6313034989436928,34.805025,138.207137,74
6313034989436928,34.805005,138.207331,75
6313034989436928,34.804951,138.207912,76
6313034989436928,34.804945,138.208127,77
6313034989436928,34.804957,138.208276,78
6313034989436928,34.804942,138.208472,79
6313034989436928,34.804889,138.208619,80
6313034989436928,34.804829,138.208727,81
6313034989436928,34.804736,138.208872,82
6313034989436928,34.80463,138.208995,83
6313034989436928,34.804459,138.209116,84
6313034989436928,34.80435,138.209204,85
6313034989436928,34.804263,138.209235,86
6313034989436928,34.803444,138.20969,87
6313034989436928,34.803416,138.20973,88
6313034989436928,34.803421,138.20979,89
6313034989436928,34.803656,138.210424,90
6313034989436928,34.803722,138.210542,91
6313034989436928,34.803755,138.210706,92
6313034989436928,34.804026,138.211408,93
6313034989436928,34.804381,138.212301,94
6313034989436928,34.804448,138.212418,95
6313034989436928,34.804504,138.212616,96
6313034989436928,34.804711,138.213135,97
6313034989436928,34.805117,138.214202,98
6313034989436928,34.805196,138.214361,99
6313034989436928,34.805235,138.214511,100
6313034989436928,34.805604,138.215467,101
6313034989436928,34.805633,138.215578,102
6313034989436928,34.806014,138.216537,103
6313034989436928,34.806059,138.216629,104
6313034989436928,34.806167,138.216921,105
6313034989436928,34.806242,138.217011,106
6313034989436928,34.806291,138.21721,107
6313034989436928,34.806406,138.217526,108
6313034989436928,34.80664,138.218146,109
6313034989436928,34.806661,138.218262,110
6313034989436928,34.806777,138.218552,111
6313034989436928,34.806829,138.218633,112
6313034989436928,34.806882,138.218852,113
6313034989436928,34.807086,138.219369,114
6313034989436928,34.807297,138.219971,115
6313034989436928,34.807346,138.220022,116
6313034989436928,34.807402,138.220044,117
6313034989436928,34.807458,138.220038,118
6313034989436928,34.807507,138.220012,119
6313034989436928,34.807788,138.219759,120
6313034989436928,34.808022,138.219632,121
6313034989436928,34.808839,138.219193,122
6313034989436928,34.808994,138.219058,123
6313034989436928,34.809122,138.218993,124
6313034989436928,34.809368,138.218814,125
6313034989436928,34.809792,138.218409,126
6313034989436928,34.809843,138.218319,127
6313034989436928,34.809949,138.218244,128
6313034989436928,34.810528,138.217659,129
6313034989436928,34.810975,138.217216,130
6313034989436928,34.811133,138.217072,131
6313034989436928,34.812089,138.216574,132
6313034989436928,34.812197,138.21651,133
6313034989436928,34.812557,138.21631,134
6313034989436928,34.812634,138.216248,135
6313034989436928,34.812768,138.216196,136
6313034989436928,34.81325,138.215935,137
6313034989436928,34.814994,138.214983,138
6313034989436928,34.815714,138.214597,139
6313034989436928,34.815821,138.214548,140
6313034989436928,34.816399,138.214252,141
6313034989436928,34.816445,138.214144,142
6313034989436928,34.816531,138.214114,143
6313034989436928,34.816611,138.214117,144
6313034989436928,34.816902,138.213907,145
6313034989436928,34.817115,138.213744,146
6313034989436928,34.818362,138.212861,147
6313034989436928,34.818827,138.212518,148
6313034989436928,34.818901,138.212442,149
6313034989436928,34.819035,138.212373,150
6313034989436928,34.819383,138.212135,151
6313034989436928,34.819488,138.21206,152
6313034989436928,34.819942,138.211732,153
6313034989436928,34.820154,138.21155,154
6313034989436928,34.820424,138.211218,155
6313034989436928,34.820793,138.210653,156
6313034989436928,34.820833,138.210531,157
6313034989436928,34.820942,138.210414,158
6313034989436928,34.821047,138.210235,159
6313034989436928,34.821336,138.20997,160
6313034989436928,34.821437,138.209916,161
6313034989436928,34.822014,138.209753,162
6313034989436928,34.822102,138.209729,163
6313034989436928,34.825386,138.208754,164
6313034989436928,34.827001,138.208282,165
6313034989436928,34.827862,138.20803,166
6313034989436928,34.828288,138.207907,167
6313034989436928,34.82848,138.207833,168
6313034989436928,34.828653,138.207757,169
6313034989436928,34.828967,138.207661,170
6313034989436928,34.829384,138.207562,171
6313034989436928,34.829708,138.207462,172
6313034989436928,34.829802,138.207418,173
6313034989436928,34.829889,138.207366,174
6313034989436928,34.829992,138.207279,175
6313034989436928,34.830077,138.207181,176
6313034989436928,34.830141,138.207083,177
6313034989436928,34.8302,138.206965,178
6313034989436928,34.830246,138.20675,179
6313034989436928,34.830339,138.206097,180
6313034989436928,34.830367,138.20591,181
6313034989436928,34.830513,138.205526,182
6313034989436928,34.83056,138.205395,183
6313034989436928,34.830659,138.205258,184
6313034989436928,34.83082,138.204985,185
6313034989436928,34.83099,138.204747,186
6313034989436928,34.831216,138.204526,187
6313034989436928,34.832204,138.203741,188
6313034989436928,34.832421,138.203561,189
6313034989436928,34.832643,138.203329,190
6313034989436928,34.833013,138.202889,191
6313034989436928,34.833343,138.202506,192
6313034989436928,34.833391,138.202487,193
6313034989436928,34.833424,138.202516,194
6313034989436928,34.833525,138.202905,195
6313034989436928,34.833684,138.203558,196
6313034989436928,34.833752,138.203704,197
6313034989436928,34.833776,138.203892,198
6313034989436928,34.833918,138.204328,199
6313034989436928,34.834164,138.204922,200
6313034989436928,34.83421,138.204974,201
6313034989436928,34.834248,138.205104,202
6313034989436928,34.834414,138.205495,203
6313034989436928,34.8345,138.205682,204
6313034989436928,34.834562,138.20581,205
6313034989436928,34.834872,138.206377,206
6313034989436928,34.83492,138.206434,207
6313034989436928,34.83497,138.206462,208
6313034989436928,34.83502,138.206459,209
6313034989436928,34.835063,138.206435,210
6313034989436928,34.835544,138.206139,211
6313034989436928,34.836174,138.205774,212
6313034989436928,34.836285,138.205675,213
6313034989436928,34.836449,138.20551,214
6313034989436928,34.836471,138.205462,215
6313034989436928,34.836477,138.205405,216
6313034989436928,34.836296,138.204717,217
6313034989436928,34.836301,138.204654,218
6313034989436928,34.836331,138.204609,219
6313034989436928,34.836472,138.204554,220
6313034989436928,34.83652,138.204559,221
6313034989436928,34.836556,138.204594,222
6313034989436928,34.836604,138.20471,223
6301550246887424,34.836604,138.20471,1
6301550246887424,34.836628,138.204852,2
6301550246887424,34.836628,138.20491,3
6301550246887424,34.836602,138.20495,4
6301550246887424,34.836458,138.205023,5
6301550246887424,34.836436,138.205064,6
6301550246887424,34.836428,138.205113,7
6301550246887424,34.8364938,138.2053615,8
6301550246887424,34.836524,138.205388,9
6301550246887424,34.836557,138.205404,10
6301550246887424,34.83659,138.205411,11
6301550246887424,34.836624,138.205403,12
6301550246887424,34.837017,138.205218,13
6301550246887424,34.837094,138.20516,14
6301550246887424,34.837265,138.204989,15
6301550246887424,34.837449,138.20478,16
6301550246887424,34.837747,138.204469,17
6301550246887424,34.837777,138.204381,18
6301550246887424,34.837759,138.203889,19
6301550246887424,34.837686,138.202796,20
6301550246887424,34.837638,138.20243,21
6301550246887424,34.837543,138.20195,22
6301550246887424,34.837354,138.201116,23
6301550246887424,34.837234,138.200728,24
6301550246887424,34.837096,138.200386,25
6301550246887424,34.8369,138.199973,26
6301550246887424,34.836519,138.199249,27
6301550246887424,34.836286,138.19883,28
6301550246887424,34.836073,138.197892,29
6301550246887424,34.835967,138.197645,30
6301550246887424,34.835878,138.197053,31
6301550246887424,34.83573,138.196188,32
6301550246887424,34.835386,138.194512,33
6301550246887424,34.835332,138.194273,34
6301550246887424,34.835155,138.193382,35
6301550246887424,34.835088,138.192881,36
6301550246887424,34.834924,138.19212,37
6301550246887424,34.834835,138.191583,38
6301550246887424,34.834805,138.191116,39
6301550246887424,34.834704,138.190312,40
6301550246887424,34.834614,138.18962,41
6301550246887424,34.834452,138.188723,42
6301550246887424,34.834295,138.188073,43
6301550246887424,34.834148,138.18763,44
6301550246887424,34.833828,138.186824,45
6301550246887424,34.833546,138.186068,46
6301550246887424,34.833498,138.185916,47
6301550246887424,34.833299,138.184878,48
6301550246887424,34.833226,138.184524,49
6301550246887424,34.833137,138.184192,50
6301550246887424,34.833074,138.184013,51
6301550246887424,34.832735,138.183045,52
6301550246887424,34.832404,138.182105,53
6301550246887424,34.832255,138.181663,54
6301550246887424,34.832221,138.181511,55
6301550246887424,34.832205,138.181358,56
6301550246887424,34.832236,138.180919,57
6301550246887424,34.832359,138.179918,58
6301550246887424,34.832498,138.17875,59
6301550246887424,34.832496,138.178475,60
6301550246887424,34.832545,138.178312,61
6301550246887424,34.832577,138.17804,62
6301550246887424,34.832606,138.177747,63
6301550246887424,34.832668,138.177127,64
6301550246887424,34.832726,138.176435,65
6301550246887424,34.832798,138.175679,66
6301550246887424,34.83278,138.175587,67
6301550246887424,34.832726,138.175533,68
6301550246887424,34.832142,138.175425,69
6301550246887424,34.831772,138.175366,70
6301550246887424,34.831688,138.175344,71
6301550246887424,34.831473,138.175251,72
6301550246887424,34.83133,138.175193,73
6301550246887424,34.830932,138.174859,74
6301550246887424,34.830786,138.174747,75
6301550246887424,34.830725,138.174617,76
6301550246887424,34.830698,138.174485,77
6301550246887424,34.830696,138.174358,78
6301550246887424,34.8307,138.17403,79
6301550246887424,34.830604,138.173791,80
6301550246887424,34.830618,138.17373,81
6301550246887424,34.830668,138.17361,82
6301550246887424,34.83073,138.17336,83
6301550246887424,34.830796,138.173308,84
6301550246887424,34.831465,138.173154,85
6301550246887424,34.83153,138.173172,86
6301550246887424,34.83156,138.173251,87
6301550246887424,34.831615,138.17359,88
6301550246887424,34.831512,138.174303,89
6301550246887424,34.831528,138.174369,90
6301550246887424,34.831568,138.1744,91
6301550246887424,34.832242,138.174554,92
6301550246887424,34.832836,138.17468,93
6301550246887424,34.832998,138.17471,94
6301550246887424,34.833488,138.174817,95
6301550246887424,34.83398,138.174928,96
6301550246887424,34.834075,138.174957,97
6301550246887424,34.835266,138.175223,98
6301550246887424,34.835372,138.175238,99
6301550246887424,34.835984,138.175375,100
6301550246887424,34.836154,138.175404,101
6301550246887424,34.836757,138.175531,102
6301550246887424,34.83785,138.17577,103
6301550246887424,34.838024,138.175805,104
6301550246887424,34.838301,138.175865,105
6301550246887424,34.838458,138.175888,106
6301550246887424,34.83871,138.17594,107
6301550246887424,34.83898,138.17599,108
6301550246887424,34.839361,138.176062,109
6301550246887424,34.839619,138.176099,110
6301550246887424,34.839802,138.176046,111
6301550246887424,34.839944,138.175975,112
6301550246887424,34.84073,138.175699,113
6301550246887424,34.841292,138.175497,114
6301550246887424,34.841427,138.175447,115
6301550246887424,34.842132,138.175362,116
6301550246887424,34.842307,138.175339,117
6301550246887424,34.84282,138.17528,118
6301550246887424,34.843833,138.175147,119
6301550246887424,34.844146,138.175171,120
6301550246887424,34.844257,138.175168,121
6301550246887424,34.844621,138.175025,122
6301550246887424,34.845044,138.17491,123
6301550246887424,34.84515,138.174868,124
6301550246887424,34.84533,138.17474,125
6301550246887424,34.84589,138.174573,126
6301550246887424,34.846042,138.174471,127
6301550246887424,34.846132,138.174377,128
6301550246887424,34.846845,138.173543,129
6301550246887424,34.847298,138.17311,130
6301550246887424,34.847373,138.173049,131
6301550246887424,34.847506,138.173,132
6301550246887424,34.84789,138.17294,133
6301550246887424,34.848094,138.172934,134
6301550246887424,34.848234,138.172942,135
6301550246887424,34.848384,138.172965,136
6301550246887424,34.848942,138.173091,137
6301550246887424,34.84911,138.17315,138
6301550246887424,34.849405,138.173222,139
6301550246887424,34.849628,138.173289,140
6301550246887424,34.849962,138.173384,141
6301550246887424,34.850359,138.173456,142
6301550246887424,34.85044,138.173498,143
6301550246887424,34.85069,138.17369,144
6301550246887424,34.850781,138.173798,145
6301550246887424,34.850986,138.174159,146
6301550246887424,34.851021,138.174283,147
6301550246887424,34.851216,138.174703,148
6301550246887424,34.851553,138.175224,149
6301550246887424,34.851621,138.175259,150
6301550246887424,34.851689,138.175237,151
6301550246887424,34.851801,138.175154,152
6301550246887424,34.851968,138.175058,153
6301550246887424,34.85214,138.174983,154
6301550246887424,34.85444,138.17363,155
6301550246887424,34.85459,138.17354,156
6301550246887424,34.85493,138.17333,157
6301550246887424,34.85508,138.173258,158
6301550246887424,34.85533,138.17314,159
6301550246887424,34.855802,138.172912,160
6301550246887424,34.856024,138.172805,161
6301550246887424,34.8563,138.17267,162
6301550246887424,34.857221,138.172145,163
6301550246887424,34.85733,138.17211,164
6301550246887424,34.85743,138.17211,165
6301550246887424,34.85749,138.17213,166
6301550246887424,34.85758,138.1722,167
6301550246887424,34.85768,138.17232,168
6301550246887424,34.85781,138.17264,169
6301550246887424,34.85816,138.17353,170
6301550246887424,34.85817,138.1736,171
6301550246887424,34.85818,138.17369,172
6301550246887424,34.85817,138.17374,173
6301550246887424,34.85812,138.17383,174
6301550246887424,34.85692,138.17559,175
6301550246887424,34.85661,138.17596,176
6301550246887424,34.85656,138.17611,177
6301550246887424,34.85659,138.17625,178
6301550246887424,34.856643,138.176378,179
6301550246887424,34.856581,138.176474,180
6301550246887424,34.85577,138.17695,181
6301550246887424,34.855459,138.177138,182
6301550246887424,34.855259,138.17724,183
6301550246887424,34.85518,138.17727,184
6301550246887424,34.85488,138.17739,185
6301550246887424,34.854724,138.177453,186
6301550246887424,34.85387,138.17746,187
6301550246887424,34.85369,138.17738,188
6301550246887424,34.852737,138.17664,189
6301550246887424,34.852475,138.176405,190
6301550246887424,34.85228,138.176211,191
6301550246887424,34.852117,138.176055,192
6301550246887424,34.851618,138.175438,193
6301550246887424,34.851568,138.175416,194
6301550246887424,34.851518,138.175438,195
6301550246887424,34.850978,138.176179,196
6301550246887424,34.850906,138.176251,197
6301550246887424,34.85078,138.176353,198
6301550246887424,34.850097,138.176832,199
6301550246887424,34.849627,138.177131,200
6301550246887424,34.849522,138.177198,201
6301550246887424,34.849469,138.177276,202
6301550246887424,34.849418,138.177424,203
6301550246887424,34.849194,138.178824,204
6301550246887424,34.848879,138.180088,205
6301550246887424,34.848825,138.180241,206
6301550246887424,34.848732,138.180356,207
6301550246887424,34.84806,138.180773,208
6301550246887424,34.847173,138.181356,209
6301550246887424,34.84651,138.1817,210
6301550246887424,34.846464,138.181727,211
6301550246887424,34.846422,138.181775,212
6301550246887424,34.84639,138.181865,213
6301550246887424,34.846351,138.18218,214
6301550246887424,34.846396,138.182243,215
6301550246887424,34.846786,138.182331,216
6301550246887424,34.846822,138.182374,217
6301550246887424,34.846828,138.182442,218
6301550246887424,34.84662,138.183784,219
6301550246887424,34.846657,138.183842,220
6301550246887424,34.846706,138.183839,221
6301550246887424,34.84716,138.18343,222
6301550246887424,34.8477,138.18297,223
6301550246887424,34.847763,138.182914,224
6301550246887424,34.847805,138.182854,225
6301550246887424,34.84779,138.18267,226
6301550246887424,34.84784,138.182566,227
6301550246887424,34.847913,138.182537,228
6301550246887424,34.848528,138.182692,229
6301550246887424,34.8492,138.18285,230
6301550246887424,34.849992,138.183031,231
6301550246887424,34.850431,138.183129,232
6301550246887424,34.850765,138.183212,233
6301550246887424,34.851103,138.183215,234
6301550246887424,34.851164,138.183211,235
6301550246887424,34.8513,138.18318,236
6301550246887424,34.85135,138.18316,237
6301550246887424,34.851427,138.183107,238
6301550246887424,34.85159,138.18297,239
6301550246887424,34.85173,138.18284,240
6301550246887424,34.85194,138.18264,241
6301550246887424,34.85204,138.18256,242
6301550246887424,34.852198,138.182488,243
6301550246887424,34.852792,138.18228,244
6301550246887424,34.853575,138.182026,245
6301550246887424,34.854254,138.181716,246
6301550246887424,34.854399,138.181667,247
6301550246887424,34.85539,138.18125,248
6301550246887424,34.855691,138.181103,249
6301550246887424,34.85582,138.181021,250
6301550246887424,34.85614,138.18071,251
6301550246887424,34.85631,138.18055,252
6301550246887424,34.85637,138.18051,253
6301550246887424,34.856525,138.180467,254
6301550246887424,34.85699,138.18034,255
6301550246887424,34.857109,138.180315,256
6301550246887424,34.857249,138.1803,257
6301550246887424,34.85738,138.180298,258
6301550246887424,34.857966,138.180259,259
6301550246887424,34.858079,138.180246,260
6301550246887424,34.858594,138.180222,261
6301550246887424,34.858807,138.180225,262
6301550246887424,34.858876,138.180236,263
6301550246887424,34.858908,138.180198,264
6301550246887424,34.858957,138.180098,265
6301550246887424,34.859043,138.180042,266
6301550246887424,34.859104,138.18002,267
6301550246887424,34.859201,138.180003,268
6301550246887424,34.859319,138.179991,269
6301550246887424,34.85948,138.17999,270
6301550246887424,34.859698,138.179942,271
6301550246887424,34.860356,138.179785,272
6301550246887424,34.861239,138.179769,273
6301550246887424,34.86148,138.17973,274
6301550246887424,34.861803,138.179624,275
6301550246887424,34.862278,138.179416,276
6301550246887424,34.862414,138.179349,277
6301550246887424,34.8625,138.17928,278
6301550246887424,34.862917,138.178838,279
6301550246887424,34.862972,138.178813,280
6301550246887424,34.863026,138.178846,281
6301550246887424,34.864046,138.180004,282
6301550246887424,34.864198,138.180193,283
6301550246887424,34.86429,138.180312,284
6301550246887424,34.864356,138.180443,285
6301550246887424,34.86441,138.180645,286
6301550246887424,34.864525,138.181172,287
6301550246887424,34.864759,138.182117,288
6301550246887424,34.86478,138.182308,289
6301550246887424,34.864794,138.182457,290
6301550246887424,34.864777,138.183163,291
6301550246887424,34.864838,138.183256,292
6301550246887424,34.866213,138.183321,293
6301550246887424,34.866482,138.183317,294
6301550246887424,34.866737,138.18327,295
6301550246887424,34.866981,138.183146,296
6301550246887424,34.867291,138.182971,297
6301550246887424,34.868207,138.18253,298
6301550246887424,34.868537,138.182364,299
6301550246887424,34.869224,138.182058,300
6301550246887424,34.870254,138.181592,301
6301550246887424,34.87094,138.181293,302
6301550246887424,34.871119,138.181195,303
6301550246887424,34.871211,138.181135,304
6301550246887424,34.87129,138.181041,305
6301550246887424,34.871574,138.180638,306
6301550246887424,34.871636,138.180596,307
6301550246887424,34.871712,138.180593,308
6301550246887424,34.871738,138.180633,309
6301550246887424,34.871725,138.180678,310
6301550246887424,34.871697,138.18071,311
5191954035900416,34.871697,138.18071,1
5191954035900416,34.8715566,138.1807651,2
5191954035900416,34.871493,138.1808149,3
5191954035900416,34.871381,138.180981,4
5191954035900416,34.871318,138.181067,5
5191954035900416,34.871196,138.181207,6
5191954035900416,34.870966,138.181337,7
5191954035900416,34.870249,138.181645,8
5191954035900416,34.869205,138.182091,9
5191954035900416,34.868523,138.182407,10
5191954035900416,34.867865,138.182724,11
5191954035900416,34.867353,138.182969,12
5191954035900416,34.867007,138.183161,13
5191954035900416,34.866753,138.183313,14
5191954035900416,34.866499,138.183356,15
5191954035900416,34.866149,138.183353,16
5191954035900416,34.864813,138.183288,17
5191954035900416,34.864752,138.18319,18
5191954035900416,34.864778,138.182457,19
5191954035900416,34.864742,138.182125,20
5191954035900416,34.864635,138.181703,21
5191954035900416,34.864502,138.18118,22
5191954035900416,34.864361,138.180546,23
5191954035900416,34.864326,138.180438,24
5191954035900416,34.864273,138.180334,25
5191954035900416,34.864036,138.180024,26
5191954035900416,34.863325,138.17923,27
5191954035900416,34.862996,138.178857,28
5191954035900416,34.862959,138.178851,29
5191954035900416,34.862922,138.178863,30
5191954035900416,34.862503,138.179299,31
5191954035900416,34.862388,138.179388,32
5191954035900416,34.86177,138.179662,33
5191954035900416,34.861577,138.179726,34
5191954035900416,34.861403,138.179766,35
5191954035900416,34.861237,138.179789,36
5191954035900416,34.860353,138.179814,37
5191954035900416,34.859704,138.179969,38
5191954035900416,34.859502,138.180016,39
5191954035900416,34.859329,138.180015,40
5191954035900416,34.859233,138.180023,41
5191954035900416,34.85911,138.18004,42
5191954035900416,34.859052,138.180066,43
5191954035900416,34.858983,138.180114,44
5191954035900416,34.858899,138.18029,45
5191954035900416,34.858843,138.180274,46
5191954035900416,34.858631,138.180252,47
5191954035900416,34.8573,138.180323,48
5191954035900416,34.85719,138.180332,49
5191954035900416,34.857111,138.180337,50
5191954035900416,34.85647,138.180497,51
5191954035900416,34.85633,138.180553,52
5191954035900416,34.8558,138.181065,53
5191954035900416,34.855412,138.181265,54
5191954035900416,34.855001,138.181432,55
5191954035900416,34.854358,138.181709,56
5191954035900416,34.85424,138.181756,57
5191954035900416,34.853662,138.18202,58
5191954035900416,34.853546,138.182064,59
5191954035900416,34.853013,138.182239,60
5191954035900416,34.852801,138.182307,61
5191954035900416,34.852486,138.18241,62
5191954035900416,34.85222,138.182505,63
5191954035900416,34.852052,138.182588,64
5191954035900416,34.851949,138.182664,65
5191954035900416,34.85172,138.182882,66
5191954035900416,34.851656,138.182955,67
5191954035900416,34.851502,138.183086,68
5191954035900416,34.851344,138.183191,69
5191954035900416,34.851166,138.183242,70
5191954035900416,34.851057,138.183244,71
5191954035900416,34.850864,138.183243,72
5191954035900416,34.85069,138.183228,73
5191954035900416,34.850387,138.183156,74
5191954035900416,34.84999,138.183056,75
5191954035900416,34.849373,138.182916,76
5191954035900416,34.848633,138.182753,77
5191954035900416,34.848521,138.182727,78
5191954035900416,34.84834,138.182718,79
5191954035900416,34.84827,138.182762,80
5191954035900416,34.848252,138.182873,81
5191954035900416,34.848296,138.183052,82
5191954035900416,34.848314,138.183571,83
5191954035900416,34.84839,138.184378,84
5191954035900416,34.848348,138.184428,85
5191954035900416,34.847802,138.184328,86
5191954035900416,34.84656,138.184056,87
5191954035900416,34.846544,138.184019,88
5191954035900416,34.846577,138.183928,89
5191954035900416,34.84669,138.18324,90
5191954035900416,34.846805,138.182445,91
5191954035900416,34.846799,138.18239,92
5191954035900416,34.846763,138.182359,93
5191954035900416,34.84636,138.182264,94
5191954035900416,34.846326,138.182203,95
5191954035900416,34.846372,138.181841,96
5191954035900416,34.846397,138.181787,97
5191954035900416,34.84644,138.181725,98
5191954035900416,34.846494,138.181681,99
5191954035900416,34.847133,138.181349,100
5191954035900416,34.847633,138.181031,101
5191954035900416,34.848059,138.180748,102
5191954035900416,34.848586,138.180424,103
5191954035900416,34.848724,138.180325,104
5191954035900416,34.848808,138.180214,105
5191954035900416,34.848867,138.180044,106
5191954035900416,34.848901,138.179912,107
5191954035900416,34.84897,138.17964,108
5191954035900416,34.849168,138.178839,109
5191954035900416,34.849379,138.177504,110
5191954035900416,34.84942,138.177275,111
5191954035900416,34.849484,138.177163,112
5191954035900416,34.849601,138.177126,113
5191954035900416,34.85019,138.17673,114
5191954035900416,34.85072,138.17637,115
5191954035900416,34.850891,138.176239,116
5191954035900416,34.851038,138.176067,117
5191954035900416,34.8514,138.17556,118
5191954035900416,34.851583,138.175329,119
5191954035900416,34.851689,138.175237,120
5191954035900416,34.851801,138.175154,121
5191954035900416,34.851968,138.175058,122
5191954035900416,34.85214,138.174983,123
5191954035900416,34.85327,138.174318,124
5191954035900416,34.853762,138.174028,125
5191954035900416,34.85444,138.17363,126
5191954035900416,34.85459,138.17354,127
5191954035900416,34.85493,138.17333,128
5191954035900416,34.85508,138.17327,129
5191954035900416,34.85533,138.17314,130
5191954035900416,34.85585,138.17289,131
5191954035900416,34.8563,138.17267,132
5191954035900416,34.85696,138.17229,133
5191954035900416,34.85708,138.17222,134
5191954035900416,34.857221,138.172145,135
5191954035900416,34.85733,138.17211,136
5191954035900416,34.85743,138.17211,137
5191954035900416,34.85749,138.17213,138
5191954035900416,34.85758,138.1722,139
5191954035900416,34.85768,138.17232,140
5191954035900416,34.85781,138.17264,141
5191954035900416,34.85816,138.17353,142
5191954035900416,34.85817,138.1736,143
5191954035900416,34.85818,138.17369,144
5191954035900416,34.85817,138.17374,145
5191954035900416,34.85812,138.17383,146
5191954035900416,34.85705,138.1754,147
5191954035900416,34.85692,138.17559,148
5191954035900416,34.85661,138.17596,149
5191954035900416,34.85656,138.17611,150
5191954035900416,34.85659,138.17625,151
5191954035900416,34.856643,138.176378,152
5191954035900416,34.856581,138.176474,153
5191954035900416,34.85577,138.17695,154
5191954035900416,34.855447,138.177145,155
5191954035900416,34.855259,138.17724,156
5191954035900416,34.85518,138.17727,157
5191954035900416,34.85488,138.17739,158
5191954035900416,34.854724,138.177453,159
5191954035900416,34.85387,138.17746,160
5191954035900416,34.85369,138.17738,161
5191954035900416,34.852744,138.176644,162
5191954035900416,34.852489,138.176418,163
5191954035900416,34.852117,138.176055,164
5191954035900416,34.851618,138.175438,165
5191954035900416,34.851196,138.174704,166
5191954035900416,34.851123,138.174565,167
5191954035900416,34.850969,138.174203,168
5191954035900416,34.85087,138.17397,169
5191954035900416,34.85077,138.173819,170
5191954035900416,34.850678,138.173706,171
5191954035900416,34.850599,138.173641,172
5191954035900416,34.850358,138.173491,173
5191954035900416,34.849804,138.173369,174
5191954035900416,34.849115,138.17318,175
5191954035900416,34.848909,138.173105,176
5191954035900416,34.848444,138.173,177
5191954035900416,34.848355,138.172979,178
5191954035900416,34.848102,138.172958,179
5191954035900416,34.847875,138.172963,180
5191954035900416,34.84751,138.173025,181
5191954035900416,34.847382,138.17308,182
5191954035900416,34.847261,138.173165,183
5191954035900416,34.84663,138.173817,184
5191954035900416,34.846086,138.174463,185
5191954035900416,34.845971,138.174554,186
5191954035900416,34.84589,138.174605,187
5191954035900416,34.845738,138.174659,188
5191954035900416,34.845405,138.174747,189
5191954035900416,34.845292,138.174798,190
5191954035900416,34.845177,138.17488,191
5191954035900416,34.84499,138.174957,192
5191954035900416,34.84463,138.175048,193
5191954035900416,34.844284,138.175188,194
5191954035900416,34.844131,138.175199,195
5191954035900416,34.843853,138.175177,196
5191954035900416,34.84282,138.175296,197
5191954035900416,34.842593,138.175325,198
5191954035900416,34.842019,138.175403,199
5191954035900416,34.841415,138.175485,200
5191954035900416,34.840733,138.175723,201
5191954035900416,34.840143,138.175932,202
5191954035900416,34.83981,138.17606,203
5191954035900416,34.839692,138.176102,204
5191954035900416,34.839569,138.176132,205
5191954035900416,34.838978,138.176014,206
5191954035900416,34.838414,138.175905,207
5191954035900416,34.838298,138.175896,208
5191954035900416,34.838067,138.175848,209
5191954035900416,34.83772,138.175777,210
5191954035900416,34.83713,138.175649,211
5191954035900416,34.836774,138.17557,212
5191954035900416,34.836638,138.175545,213
5191954035900416,34.83613,138.175425,214
5191954035900416,34.835915,138.175382,215
5191954035900416,34.835611,138.175322,216
5191954035900416,34.835289,138.17527,217
5191954035900416,34.834711,138.175137,218
5191954035900416,34.834522,138.175093,219
5191954035900416,34.834003,138.174976,220
5191954035900416,34.833699,138.174904,221
5191954035900416,34.832956,138.174748,222
5191954035900416,34.832788,138.174716,223
5191954035900416,34.832329,138.17462,224
5191954035900416,34.83216,138.174576,225
5191954035900416,34.83156,138.174443,226
5191954035900416,34.83142,138.174406,227
5191954035900416,34.830805,138.174281,228
5191954035900416,34.830761,138.174241,229
5191954035900416,34.830724,138.174152,230
5191954035900416,34.8307,138.17403,231
5191954035900416,34.830604,138.173791,232
5191954035900416,34.830618,138.17373,233
5191954035900416,34.830668,138.17361,234
5191954035900416,34.830704,138.173461,235
5191954035900416,34.83073,138.17336,236
5191954035900416,34.830796,138.173308,237
5191954035900416,34.830867,138.173289,238
5191954035900416,34.831465,138.173154,239
5191954035900416,34.83153,138.173172,240
5191954035900416,34.83156,138.173251,241
5191954035900416,34.831615,138.17359,242
5191954035900416,34.831512,138.174303,243
5191954035900416,34.831528,138.174369,244
5191954035900416,34.831568,138.1744,245
5191954035900416,34.832836,138.17468,246
5191954035900416,34.832891,138.174741,247
5191954035900416,34.832911,138.174834,248
5191954035900416,34.832612,138.178089,249
5191954035900416,34.832482,138.179223,250
5191954035900416,34.832246,138.181408,251
5191954035900416,34.832254,138.18151,252
5191954035900416,34.832275,138.181607,253
5191954035900416,34.832425,138.182012,254
5191954035900416,34.832597,138.182516,255
5191954035900416,34.832703,138.182837,256
5191954035900416,34.832783,138.183056,257
5191954035900416,34.833107,138.183993,258
5191954035900416,34.833192,138.184274,259
5191954035900416,34.833235,138.184439,260
5191954035900416,34.833295,138.184716,261
5191954035900416,34.833487,138.185679,262
5191954035900416,34.833575,138.186021,263
5191954035900416,34.833714,138.186438,264
5191954035900416,34.833909,138.186923,265
5191954035900416,34.834147,138.187558,266
5191954035900416,34.834221,138.18774,267
5191954035900416,34.834356,138.188155,268
5191954035900416,34.834419,138.188434,269
5191954035900416,34.834588,138.189347,270
5191954035900416,34.834722,138.190244,271
5191954035900416,34.834779,138.19061,272
5191954035900416,34.834826,138.190978,273
5191954035900416,34.834833,138.191145,274
5191954035900416,34.834849,138.191581,275
5191954035900416,34.83494,138.19219,276
5191954035900416,34.835002,138.192357,277
5191954035900416,34.835068,138.192538,278
5191954035900416,34.835124,138.193088,279
5191954035900416,34.835178,138.193405,280
5191954035900416,34.835395,138.194474,281
5191954035900416,34.835594,138.195449,282
5191954035900416,34.83572,138.196077,283
5191954035900416,34.835747,138.196203,284
5191954035900416,34.835916,138.197028,285
5191954035900416,34.835965,138.197252,286
5191954035900416,34.83606,138.197662,287
5191954035900416,34.836092,138.197857,288
5191954035900416,34.836306,138.198858,289
5191954035900416,34.836412,138.199026,290
5191954035900416,34.83689,138.199888,291
5191954035900416,34.837007,138.200137,292
5191954035900416,34.837098,138.200327,293
5191954035900416,34.837251,138.200716,294
5191954035900416,34.837323,138.200921,295
5191954035900416,34.837381,138.201145,296
5191954035900416,34.837546,138.201871,297
5191954035900416,34.837638,138.202318,298
5191954035900416,34.837679,138.202536,299
5191954035900416,34.837708,138.202767,300
5191954035900416,34.837742,138.203295,301
5191954035900416,34.837786,138.204066,302
5191954035900416,34.837808,138.204305,303
5191954035900416,34.837805,138.204422,304
5191954035900416,34.837779,138.204528,305
5191954035900416,34.837655,138.204646,306
5191954035900416,34.837516,138.204773,307
5191954035900416,34.837146,138.205138,308
5191954035900416,34.837008,138.205243,309
5191954035900416,34.836592,138.205443,310
5191954035900416,34.836554,138.205451,311
5191954035900416,34.836528,138.205448,312
5191954035900416,34.836499,138.205421,313
5191954035900416,34.836472,138.205384,314
5191954035900416,34.836296,138.204717,315
5191954035900416,34.836301,138.204654,316
5191954035900416,34.836331,138.204609,317
5191954035900416,34.836472,138.204554,318
5191954035900416,34.83652,138.204559,319
5191954035900416,34.836556,138.204594,320
5191954035900416,34.836604,138.20471,321
